$coord  natoms=    42
   -0.24540739344840      0.10322062037931     -3.98069296371519      o
   -0.02703631166502     -0.30735450553976     -0.20851993949571      ce
    2.82800538112046     -1.03811726711092      3.56861172607479      o
    4.49345502982339      0.73320995690255     -1.09133573423263      o
    4.27532394325784      3.10007114100896     -0.93315431924470      n
    6.03124800962948      4.50363309473063     -1.27044208659853      o
    2.09283010904830      3.90113927332069     -0.40465650369674      o
   -2.20877614515084     -1.78305675406902      3.89138639679150      o
   -4.75684316734761     -0.29220835065088     -0.66850006521699      o
   -5.04098049772021      1.98944319277002     -0.07501645796927      n
   -7.07696575521365      2.99698280145837     -0.02585334311101      o
   -3.03315971838821      3.16743987735186      0.47405102644525      o
    2.36201403659674     -4.17982285409763     -1.38225907111877      o
    0.47827078488154     -5.63525023103578     -1.45496061458537      n
    0.65869616608243     -7.83224204407345     -1.99645974587076      o
   -1.62198783756267     -4.62695473189758     -0.92424237084097      o
   -0.86074568332742      0.77312664183302     -7.80229744390263      ce
   -4.27539008367220      2.04378604693589    -10.98940748048572      o
   -5.04094648264997     -1.09212375002660     -6.82519943335588      o
   -4.38558946262975     -3.38751927155191     -6.88153405885710      n
   -5.85434507792489     -5.07083439103705     -6.46266681470317      o
   -2.10042869779542     -3.78635352905867     -7.39780345665261      o
    0.69777948179194      3.45539634422234    -11.50794077017854      o
    3.76171905929805      1.73330971383825     -7.29698278845158      o
    4.52329191560511     -0.47241263389520     -7.73651985695666      n
    6.72697902830233     -1.03054891398179     -7.72063859860530      o
    2.81529319348010     -2.07933557479235     -8.19201755231033      o
   -0.62021945245893     -1.46603440967568    -12.09984078693382      o
   -3.81532681000144      3.91030633475125     -5.80977777700172      o
   -2.25121939390993      5.69406039776026     -5.71048967668775      n
   -2.76497923541194      7.72479977553173     -4.82993399439588      o
   -0.08533814206198      5.20899415773457     -6.59583959415780      o
    1.89377958716309      4.78136425354075    -11.14397573912336      h
   -3.79245734444122     -2.66198916161984      3.68319904909373      h
    1.44453877500806      2.42348493770469    -12.81416293122074      h
   -2.52666209438314     -0.47649822177664      5.12449505407193      h
   -0.03911733077975     -3.19319306497826    -12.08993295286241      h
   -2.24796717524945     -1.47168847024056    -12.92433774373867      h
   -5.96996419140787      2.23637559520100    -10.34685713441210      h
    4.58775425316834     -1.38873516254786      3.24813685205176      h
   -3.86038354999089      3.60439369024458    -11.83831969882074      h
    2.23648519931623     -2.32260001881542      4.72017681135149      h
$end
