$coord  natoms=    22
    0.17429510965261      0.45398969390622     -0.54597022329625      o
   -4.14856300454407     -0.02393149164226      0.05495512543024      ce
   -4.14899764155273     -1.89918987305790      4.39833566534036      o
   -3.53371037427908      3.23808161934263      3.53370470510071      o
   -3.79653726314428      5.17246953119780      2.16344917432556      n
   -4.24422283069875      4.77570074434525     -0.14468688073197      o
   -8.55560463814058      1.36654032921413      1.48566110520604      o
   -9.69588427900101     -0.63645597932171      0.87653056564642      n
   -8.37890201740519     -2.36758683893826     -0.10307133201546      o
   -3.13749149772880     -4.71624429128615      0.10936789946272      o
   -3.30532374403518     -5.07226491371340     -2.24607177994645      n
   -2.94012094236838     -7.12003450331999     -3.17761983198522      o
   -3.87844366256394     -3.16904047537942     -3.56186540380988      o
   -5.87895687097202      1.65687596127551     -4.01749349026615      o
   -3.63083662790647      7.28172324999522      3.01391852698727      o
  -11.93998507459948     -0.88935802658038      1.21824407158412      o
    1.85518760024599      0.88039127611903     -1.13324608022458      h
   -6.35752245312900      3.37853362382931     -4.35821866944068      h
   -6.22017337893895      0.69813286057725     -5.52506408016110      h
   -4.06891104839109     -0.96861691969943      5.96004312925358      h
   -3.96098312023534     -3.66126688769132      4.81398470590404      h
    0.09785001873312     -0.61088231567715      0.93417477135200      h
$end
