$coord
    0.90408655199571     -0.00628711881663      3.71027882445961      ce
   -0.79479046212573     -0.04061210414433     -3.77994546777007      ce
   -0.29822901808394      4.91204259451087      1.14417625612941       h
    0.33658667896159     -5.59814545857875     -2.64408589631513       h
    1.76192016736508      5.67893314013263      3.04784100065042       h
   -2.55440516361877     -5.40876466527326     -2.31945173509179       h
    2.90802772359386      1.54971904137860      8.76083267472718       h
   -3.70174482128080     -1.00856384024790     -8.58563616571313       h
    1.83414172039603      4.09594924978224      7.84197035416302       h
   -3.36084011812444     -3.70659007906434     -7.50283443465931       h
    0.20305296181716     -2.95962669542677      8.80068321924329       h
   -0.36461131738979      3.24719387871557     -8.69976617500990       h
    2.81667269355108     -3.84179053465070      7.86450344847306       h
   -2.73425039889940      4.30452777078781     -7.37850368374181       h
   -4.18412198103115      1.25416398576101      5.58675418949951       n
    3.51838847486061     -2.28368110927875     -6.50101502695020       n
   -0.36967011422542     -5.38095356589714      3.14443246178455       n
    1.90145565468132      4.86705010520966     -3.33054402889444       n
    6.39269592548665      0.69585952004932      3.17826422859372       n
   -6.08398270686329      0.37614998510676     -2.14162850676451       n
    0.34520571981601     -0.26665358426757     -0.10882365833882       o
   -3.69120770840989      1.20650887235020      3.26632924545353       o
    3.34477933579125     -2.30592318576560     -4.12393231423570       o
   -2.36604104296832      0.70601490824306      7.03625538531083       o
    1.71324838129922     -1.23999859873081     -7.65172973547082       o
   -6.24545602476031      1.78553229529228      6.38972149656649       o
    5.29000104751890     -3.19594639594184     -7.59534786681649       o
    0.25635079743611      4.66232095631995      2.88070606328402       o
   -1.15553162041229     -4.79117382185369     -3.31280516976258       o
   -1.98367007945929     -3.75388992396373      3.78828293943192       o
    2.84885283972733      2.97624494696673     -4.40513112048451       o
    1.84600920045868     -4.56487911842975      2.86010615879948       o
   -0.33388815005563      4.57671069369603     -2.52788474718577       o
   -0.91271126202850     -7.56795628664004      2.82334342677101       o
    3.03038937988951      6.82250279417604     -3.07417622392321       o
    2.81170460356944      2.65222683646002      7.30732714925778       o
   -3.75100620189755     -1.98551256243080     -7.04493489740124       o
    5.41461336762897     -1.10268731906326      4.40448861360214       o
   -4.89992189114752      2.14688950429547     -3.22196603495182       o
    4.85658480193148      2.19939743439432      2.16774830125909       o
   -4.84155203061008     -1.61249574323867     -1.79070825514763       o
    8.64585228867433      0.94705703434358      3.00071879000676       o
   -8.25289885886740      0.59569836626578     -1.49852825038862       o
    1.69136346304993     -2.40789469717653      7.90352818267271       o
   -1.79145469696686      2.77133816382131     -7.66891868430042       o
$end
