$coord
   -0.49779732492729      0.51896414724923     -3.86842055519892      ce
    0.52606762775170     -0.54027836820888      4.07957477291236      ce
    2.93342375298271     -1.89748156064123     -8.16318222137466       h
   -3.11194429024998      1.60316049618302      8.32996944913413       h
    0.22157038811237     -1.69145605963003     -9.20824423199358       h
   -0.41883133935756      1.56915676429650      9.42824614742251       h
   -5.19935844422510     -1.05439725767457     -7.23650021410680       h
    5.17074421124602      1.23276283739962      7.37176303065527       h
   -3.99611123916601      1.28911258070984     -8.47284597223871       h
    4.23547339874173     -1.25937962986498      8.53959676813887       h
   -0.21854871603909      5.64507869660996     -6.99977422247493       h
    0.29840287288741     -5.78233328449378      6.94992702675955       h
    0.71779735063010      3.50043796640279     -8.73052524714044       h
   -0.61883995238795     -3.72049657361547      8.78583186162986       h
    5.65752821231899     -2.19774014458302      2.13615963935984       n
   -5.59032388214893      2.47744984664563     -2.32901941846078       n
    0.32475321396919     -5.08515284588334     -3.78981361759286       n
   -0.46195111006927      5.13443312376133      3.97148999748826       n
    3.98843139219553      3.91256077801793     -3.16719988213404       n
   -3.90814448806468     -4.03990942155646      3.01970297865475       n
   -0.10399918754265      0.11917935750177     -0.37484985353302       o
    3.99968660099380     -3.76064191540702      2.81053486309829       o
   -3.75786023855157      3.89331013798637     -2.88665681085047       o
    5.11321905828628      0.10089814697214      2.33644982158280       o
   -5.22509462431638      0.14626480204603     -2.52065465503295       o
    7.69251380469250     -2.88712168347713      1.32579405451495       o
   -7.59784608475324      3.33992840882933     -1.64129138992572       o
    1.51864438498526     -0.76127805903162     -8.32457050159608       o
   -1.60794906218282      0.58352097111869      8.45899994892358       o
    2.18293225067046     -3.62394101727771     -3.69246437628277       o
   -2.24020229060336      3.59141505122065      3.71238586908857       o
   -1.82033916078176     -4.06909813127743     -4.00103397572066       o
    1.71102039419829      4.23409956784913      4.31065804233609       o
    0.55968585550879     -7.36128071984197     -3.68441036353961       o
   -0.81607633719351      7.40378821928930      3.89789461356471       o
   -3.60507210192332     -0.34344827452011     -7.75834997314833       o
    3.66298086928636      0.32478722903943      7.84203649457739       o
    1.81281427135350      4.71592492757109     -2.69480614550009       o
   -1.69860300383337     -4.72592346849648      2.51048603875634       o
    4.14267461793974      1.69627486124783     -4.02759785585452       o
   -4.17053485019509     -1.90012150803734      4.02315888918778       o
    5.85829838497761      5.18890447930367     -2.81848494090459       o
   -5.72037483404567     -5.37630106017831      2.56759923142090       o
   -0.61958450448105      3.96517453277976     -7.57943448312102       o
    0.67672226358524     -4.10879560797744      7.56188081714937       o
$end
