$coord  natoms=    41
    1.24429205648596      0.17592972275041      3.78249470831219      o
    0.20277139262459      0.05176904718412     -0.06399368548433      ce
   -0.95267519011209      2.49619781952804     -4.02822713465402      o
    4.70277999264819     -1.36580333602552     -0.02114036615619      o
    5.06167488851099     -1.24517833803841     -2.37381159679278      n
    7.04745579205149     -1.77573406533609     -3.33267563996302      o
    3.18085126365833     -0.51988822332417     -3.65170865295296      o
    0.66929752964158     -4.60842596724563      0.68965743890830      o
    3.20209934420363      3.73138706527168     -0.29224992462562      o
    1.76785579712253      5.36175394847094      0.66028731547937      n
    2.41849606073568      7.49797405906677      1.05068394583968      o
   -0.44206363233371      4.58715898943909      1.18481859589174      o
   -2.04455516546861     -2.58979028530238     -3.31407128626608      o
   -4.26614932292278      1.35935936994055     -0.24856890525490      o
   -5.15866508185741     -0.38860516999417      1.10903679884200      n
   -7.37360740335290     -0.56145274943531      1.56012765287304      o
   -3.55363186708489     -1.93155710212049      1.95025405239753      o
    1.59894262747286      0.39053458036741      7.49486168013951      ce
    3.15391321775179     -1.52259580231185     11.72754962257355      o
   -1.09425347136905      4.06243684668812      6.48507518708899      o
   -1.32132674195633     -3.18535259128719      7.74289012372277      o
    0.22970754880501     -4.94121996587510      7.24757211947099      n
   -0.41906377567089     -7.11361699340076      7.12348892267581      o
    2.47177121964113     -4.24797393705613      6.89353948892685      o
    0.80212637894153      3.23780571932843     11.26653014748372      o
    6.12082291766287     -0.37080583962632      7.21843254262926      o
    6.82138974548863      1.87878083091194      6.77809423024733      n
    9.00159323163513      2.41868692307427      6.47957230461408      o
    5.07234050275838      3.48800734795501      6.67435015573150      o
   -1.06985710710013      4.57789177252392      4.71851574208795      h
    2.20819977868283     -5.11389180078665      1.52755066421062      h
   -1.00269435090481      5.58343583042467      7.48508801662295      h
   -0.69015632660520     -5.45467934092329      1.56358018250273      h
    1.77470038514592      2.72134734892046     12.72221263744870      h
   -2.19184986825256     -1.71398537448782     -4.90848612994433      h
   -0.92150226796026      3.39019134429213     11.84686693008242      h
   -1.27866239524066     -4.20592564105708     -3.67211958482505      h
    1.87250694017818     -2.40539269978753     12.68038354968010      h
    0.41912613663300      3.21733053676811     -4.98943065876655      h
    4.55714446940166     -2.67923858168542     11.59307104236680      h
   -2.23456145812136      3.78719067773188     -3.90871518535432      h
$end
