$coord
    0.82135812171184     -0.02369338615056      4.07031133544944      ce
   -0.91645103002914      0.19365913325165     -3.71835362419014      ce
   -0.33269006369262      5.46748223541763      2.27048893120274       h
    0.05321468766946     -4.83092043143294     -1.25768076607894       h
    2.48977841988269      5.51567214132171      2.93221621798907       h
   -2.02621915288137     -5.46522401269870     -3.20171950925258       h
    3.57596465042571      1.25252370348483      8.91962636097949       h
   -3.11207846080483     -1.16783184775748     -8.71856517049768       h
    3.00418265799320      3.94111453976103      7.96540348517133       h
   -2.32594672378213     -3.86417623032301     -7.96780721680186       h
    0.69722012285905     -3.65737216214847      8.87531984226151       h
   -0.17659301662015      2.88395639221838     -9.17117914378517       h
    3.38613410230256     -3.96853635555547      7.82885943431037       h
   -2.73012701649547      3.93831585537046     -8.27325309895574       h
   -4.12785916512267      1.77639546947971      6.37062014489878       n
    4.03006394844716     -1.74629024258830     -5.83405508852478       n
   -1.42700778574990     -5.37590043823989      3.28709544583704       n
    0.80701887987818      5.60102729091881     -3.75583256241984       n
    6.40040411834900     -0.23232859893987      2.64015904542816       n
   -6.50504203332178     -0.18614747190626     -2.87257268204363       n
   -0.35210888934927      0.52694824012577     -0.23583404090105       o
   -3.85070437278055      1.63933363366061      4.01967423421397       o
    3.73444653186745     -1.30672671791747     -3.52511023068591       o
   -2.27895112478882      1.11671664581248      7.71137138169014       o
    2.17581176263287     -1.28551265244242     -7.24870973459801       o
   -6.08757318650008      2.50843757563724      7.31372954136801       o
    5.99789623325596     -2.57672849832897     -6.66631126079734       o
    0.87848832191153      4.87873050238597      3.49886760399323       o
   -0.45102282389056     -4.56728473978640     -3.01718586345675       o
   -2.35756751102550     -3.86777237913817      4.84219075804021       o
    2.25541269618048      3.79112697724948     -4.28269387514388       o
    0.55252757294871     -4.66651047913825      2.14440451444159       o
   -1.45193705278597      5.04540056712571     -3.30678261260339       o
   -2.35832907065372     -7.42932408841137      2.87184702721178       o
    1.56282429205288      7.76308940626890     -3.68637567870922       o
    3.63040577035006      2.31440427661292      7.43638788466522       o
   -3.26761047976603     -2.41591280512332     -7.38899544318573       o
    5.42264470365863     -1.90867251875127      4.00443548274499       o
   -5.44962621326604      1.63711131573805     -3.98857690110713       o
    4.98223269195785      1.52566282781212      1.91542262046843       o
   -5.08101623539654     -1.90485338225340     -2.09283577822667       o
    8.61803552011984     -0.30703892127695      2.04929837804142       o
   -8.77453696858297     -0.25241827737076     -2.57965190464377       o
    2.08420917846776     -2.73308821733276      8.14036377841981       o
   -1.71928416654127      2.42315612535901     -8.31801315194363       o
$end
