$coord  natoms=    41
   -0.01127977523789      0.27449594768477     -3.49041107958553      o
    1.14567480894624     -0.35783475950689     -0.01837191738361      ce
    3.11186303202662     -1.69500496529208      4.16254319841405      o
    5.50514636680754      1.03818340752528     -1.00845612585879      o
    5.08567630001986      3.38339588914797     -0.89501208714526      n
    6.70300407295920      4.92558626164607     -1.28539737914882      o
    2.84564219504159      3.99589392066168     -0.34832376792165      o
   -3.34101878080324     -1.54752128989566      0.87440651348234      o
   -1.05491504263272      2.74356107951543      2.77986838754787      o
    3.77511532779552     -3.81561593809850     -1.79523792866836      o
    2.30695119677740     -5.59926039699228     -1.21923050862118      n
    2.73942446902863     -7.75928727730615     -1.75512471222093      o
    0.33629944059065     -4.95316870416110     -0.02873139599881      o
   -0.95876766713788      0.80809980322147     -7.33602641991247      ce
   -4.43165153691751      2.56187147153716    -10.15251769975558      o
   -5.11683599408882     -0.73190415615043     -5.99182643294367      o
   -4.57918434519317     -3.05604241203130     -5.80063150255853      n
   -6.10392687638259     -4.58592688800583     -5.10049175283693      o
   -2.35214966622619     -3.63621856790941     -6.38106655091571      o
    0.54857993507436      3.07178949982781    -11.30325130553745      o
    3.73487172024549      1.41792576199495     -7.26202663459825      o
    4.27201503281362     -0.84053695215067     -7.76276815282771      n
    6.40850537424527     -1.58483960140477     -7.93533794252853      o
    2.39523542186766     -2.29392153514810     -8.06719358287430      o
   -1.63715288971279     -1.59052578731377    -11.48482375049599      o
   -3.43711324396659      4.17254929824394     -5.09983979732393      o
   -1.78388445411161      5.86567776549427     -5.31083149859065      n
   -2.06327857191140      7.96145017811861     -4.48465835471326      o
    0.21253938696279      5.20922470432177     -6.45200309018191      o
    2.05808560452093      4.08664612807071    -11.17962731219056      h
   -3.92655231024466     -3.07438976297529      0.06479303963504      h
    0.84234164059969      1.86586266312400    -12.64226210456803      h
   -4.60115241139194     -0.27681464163968      0.51739189511354      h
   -1.13461613166493     -3.34158002946225    -11.54342415762064      h
   -0.06736306716453      4.15305299381618      3.38353383915507      h
   -3.36814201986999     -1.52836135671808    -12.05723313200189      h
   -1.96988641710627      2.10225417323181      4.22123620211880      h
   -5.93239265659806      3.19905688514298     -9.33658498174754      h
    4.82485630029902     -1.10799744947345      4.39055377315915      h
   -3.79779582074328      3.91720005565389    -11.19829213712348      h
    3.14682107560607     -3.48540519508140      4.51228237120304      h
$end
