$coord  natoms=    45
   -0.44428028301981      0.47398299837651     -3.83559791890545      ce
    0.47412094838421     -0.49803543259588      3.77745482524883      ce
    3.13814346695842     -1.39100095025126     -8.14784146030865      h
   -3.07779884235698      1.71003585436181      7.95877058126117      h
    0.40506846576244     -1.45868905060509     -9.17681623692621      h
   -0.35815034533515      1.67325044545906      9.02542649696848      h
   -5.03986558133562     -1.40187254469375     -7.12981008772663      h
    5.06131019349160      1.24511976197089      7.13501250377046      h
   -4.12415154049256      1.14165725619540     -8.23105744029640      h
    4.04188420302351     -1.23708464645386      8.27950812861746      h
   -0.87838817026630      5.69213668144536     -6.62666672539356      h
    0.37937008008132     -5.64514297197276      6.69270698455952      h
    0.44330707406138      3.83957768214131     -8.45473109456315      h
   -0.79688050270268     -3.61794682182422      8.43930526014040      h
    5.28186202018682     -2.70553791198757      2.15300655717154      n
   -5.44996827751606      1.93538947516069     -1.93911601509474      n
    0.80564127305474     -4.91869445196886     -3.65802413365045      n
   -0.01538992962622      5.00855659876597      3.59697275147532      n
    3.74784281674651      3.98863550005106     -2.95393674297699      n
   -4.09701129377205     -3.49789441032812      2.93033406357725      n
    0.07586116587856      0.03355964639392     -0.04065934747517      o
    3.36114248899572     -4.01216636985775      2.71040206705362      o
   -3.77697294508494      3.51911036562203     -2.57025241813429      o
    5.01412562167958     -0.35439168005684      2.34485533363435      o
   -4.86605802026346     -0.34755654063419     -2.22576290301377      o
    7.23235985577993     -3.66248955650246      1.48109364363658      o
   -7.46734352095200      2.58495070799587     -1.11115329695836      o
    1.56192856869690     -0.47541730051137     -8.16387578654618      o
   -1.55539200600325      0.71149133766211      8.03942220288660      o
    2.50998338257817     -3.26928668112842     -3.58307192604181      o
   -1.93465059224273      3.61514813742141      3.53230821293410      o
   -1.42760872489752     -4.08909334127526     -3.85410778637707      o
    2.08340227451896      3.87327716826906      3.73651957775826      o
    1.25269189458536     -7.14597669479347     -3.54568936368107      o
   -0.14847011308243      7.27811579463549      3.52579054750178      o
   -3.54389034440256     -0.45049937172314     -7.55336574424709      o
    3.52679210235221      0.34310623559125      7.52639746260467      o
    1.51639939697729      4.62686215554120     -2.47031425159663      o
   -1.94654263879698     -4.38169475623901      2.45194044440658      o
    4.02121059912975      1.79661365713997     -3.87159909146306      o
   -4.12707683654626     -1.27379824576356      3.80352926643038      o
    5.52439514125976      5.35753988263049     -2.57265048059692      o
   -6.00923461626970     -4.67894300776352      2.58539857308937      o
   -0.91421548801968      3.97740296791719     -7.24336751050399      o
    0.54049001989729     -3.91230946154381      7.23331227775091      o
$user-defined bonds
$end
