$coord  natoms=    42
    0.61372824322084     -0.45104172115180      3.64106382569295      o
    0.02626719313230     -0.06155971823581     -0.18799940350839      ce
   -0.87840328423592      2.74971402777721     -4.05450566614307      o
    4.53899364997463     -1.45886289903272      0.08654945650786      o
    5.07126713831959     -1.20995573280151     -2.22430213499076      n
    7.14326301684389     -1.64734985188127     -3.04616859303013      o
    3.28141681883254     -0.46853869533971     -3.61144047896331      o
    0.52269257689311     -4.82906094092631      0.03623171898745      o
    3.00518610256537      3.63647557066235     -0.16009948700442      o
    1.55670535886134      5.22160052071195      0.85483273028346      n
    2.20870244583198      7.34425050800684      1.33035585337979      o
   -0.64624098119502      4.42769634013867      1.34375401160339      o
   -1.93868325933645     -2.37272122481887     -3.88341931145008      o
   -4.46570818113551      1.20787325461218     -0.40216017548611      o
   -5.41846840892321     -0.76436776124538      0.55139373727393      n
   -7.66032798933787     -1.01096379242617      0.81826841949808      o
   -3.86078795138156     -2.43483463280920      1.19567696220384      o
    0.96162115358607     -0.00881179291913      7.41435934723046      ce
    2.59723391650728     -0.82425696158702     11.81742310733462      o
   -3.79119311766384      0.24952888612621      7.07909169710385      o
   -4.17574671484681      0.63138395440321      9.38733924600274      n
   -6.25611974928158      0.95638661222085     10.24695487310763      o
   -2.22245587256700      0.65728265094121     10.76860243145383      o
   -0.81233278974063      4.45441139836250      6.85780287818405      o
   -1.27549332452966     -4.16342759024038      7.98193480930956      o
    0.63085483108832     -5.54359473453918      7.62942718774799      n
    0.51542846967005     -7.81372272805212      7.67396425305317      o
    2.67183463472914     -4.38315360565511      7.22129358798194      o
    5.66997772802803     -0.39914795204346      7.25651430349271      o
    6.13271496416514      1.90727790087129      6.88910241198622      n
    8.24622434619522      2.70494452615870      6.66190064002247      o
    4.21751911083166      3.32332149564612      6.77000431270781      o
   -1.14318981909236      4.73006385843554      5.07144666230143      h
    2.08362525309525     -5.38930993482023      0.79404024085425      h
    0.35558031624021      5.76885008859457      7.34122694620744      h
   -0.81113848282987     -5.73303599908066      0.88991549578714      h
   -1.86631997684616     -1.37817537296345     -5.41161437226919      h
   -1.14026641277756     -3.96955302821052     -4.25637376968009      h
    1.40944467114763     -1.48568000246728     13.03273054452108      h
    0.52078962268562      3.67020718198692     -4.77506012718900      h
    4.12208605181194     -1.80723391010748     11.99840028856391      h
   -2.25097372951373      3.94201782884860     -3.91839247283853      h
$end
