$coord  natoms=    46
    1.06971915709303      0.29165844034862     -0.45143478418573      o
    0.38735039184742     -0.60237098921184      4.30522130027555      ce
    0.19445470795012     -4.15697795497703      7.71401699826461      o
    3.62536020159731     -4.19103648892116      3.32867131030494      o
    5.50755765734257     -2.87421674377206      2.74265779042786      n
    7.53674368023959     -3.82104890070680      2.25824161618904      o
    5.19222661783076     -0.51337622709871      2.68113775644067      o
   -1.87838776787802      0.60415300094736      8.56108106444974      o
   -2.22014284779046      3.53791123545412      3.69198816529936      o
   -0.45491565970729      5.06765587169543      4.10913386895375      n
   -0.77758450576101      7.33603208909084      4.00111145449177      o
    1.66559326788841      4.13961137189172      4.64668347263867      o
    3.37895503275510      0.09557478847907      8.12728876336352      o
   -2.03117590450626     -4.50591777361530      2.50616801456157      o
   -4.21775154714499     -3.71725191385948      2.98300449731451      n
   -6.08206652457292     -4.93498575938996      2.43642578220613      o
   -4.38758123396511     -1.60323041604963      4.05518974700018      o
   -0.18047640380626      0.72901476490588     -4.26736063736867      ce
   -1.33956826823735      3.94470501939782     -7.67699726348319      o
   -3.22583241460280      3.93336288319781     -2.82316957196754      o
   -4.79648206253776      2.42732297146381     -1.83593884994055      n
   -6.72727382557777      3.14396003025339     -0.88853788544229      o
   -4.18739687640513      0.12758296957798     -1.92099920226220      o
    1.23091279552361     -0.38027336751069     -8.73336550550575      o
    2.70479901724711     -3.04327164288108     -4.33312310650564      o
    0.99328351480417     -4.65929550479443     -4.01573982442250      n
    1.42511616989915     -6.88384330418139     -3.85753762244720      o
   -1.22732609533907     -3.78772735995128     -3.86761742159596      o
   -3.69789166971269     -0.66530642806637     -7.31463660990783      o
    1.92585201895024      4.89941166509388     -3.45671915250958      o
    4.05644263542081      4.27090009440009     -4.29893418145892      n
    5.82029032343301      5.69649814446103     -4.36113073739872      o
    4.22072219661290      2.01479764818413     -5.08245998615575      o
    2.87024831891034     -1.15941689732452     -8.90186482513413      h
   -3.37863188958779      1.62215413346163      8.38191802030010      h
    0.03328941541141     -1.51677166639575     -9.51226904010175      h
   -0.74569348768183      1.56452693529117      9.61875699695054      h
   -4.94878264982585     -1.81951524019142     -6.66223890099878      h
    4.92512516847166      0.98957776187378      7.76633406602488      h
   -4.61197865235992      0.76514443868260     -7.98334454499853      h
    3.87950190919373     -1.49606404752210      8.86286654710023      h
   -1.39863921716702      5.69818000071194     -7.18335544630395      h
   -0.10090381615052     -5.84812032007037      7.10537778749739      h
   -0.21552326451357      3.84445882793867     -9.11088365232674      h
   -1.16895434507551     -3.78616266672009      8.86738488226421      h
    2.89794225526673      0.29359540962636     -0.25990915172878      h
$end
